3.87552
-0.03523 0.00113 -0.01435
4.24353
-0.01113 -0.01085 0.00979
4.56772
-0.03774 0.00460 0.01209
4.13951
-0.02560 -0.00284 0.00836
3.85322
0.03624 -0.00709 0.02633
3.57518
-0.06877 -0.01013 0.02311
3.94696
-0.01499 -0.00187 0.00979
4.12746
0.00947 -0.00064 -0.01267
4.43013
0.05926 0.00250 0.00738
4.63286
0.03986 0.01002 0.00719
3.50648
0.02973 0.00952 -0.00817
4.05953
-0.00315 0.00622 0.00319
3.95951
0.00735 -0.00155 0.00222
4.42696
-0.02007 -0.00239 -0.00698
3.94929
-0.01553 -0.00160 -0.00881
3.92313
0.01087 0.00165 -0.00277
3.63624
0.04107 0.01267 0.02376
4.0972
0.02515 -0.00365 -0.00706
3.79534
-0.00715 -0.01142 0.01705
4.22019
-0.02498 -0.00371 0.01456
3.7592
-0.05747 0.00679 0.00397
4.28139
0.04524 -0.00073 0.00784
3.42755
0.02860 0.00551 0.03079
4.33085
0.11847 -0.01165 0.01577
3.84797
-0.01286 -0.00233 -0.01077
3.67279
0.04397 -0.00207 0.00378
4.12206
0.04145 -0.00395 0.00134
3.81348
-0.00809 -0.00135 -0.01101
4.23653
-0.02685 0.01539 0.02625
3.85252
0.01226 0.01692 0.00333
4.53229
-0.03866 0.00800 -0.00824
4.05408
0.01781 -0.01504 -0.02110
3.8688
-0.00759 -0.00760 -0.01661
3.8889
0.01110 -0.00352 -0.00619
3.51839
0.02461 -0.00335 -0.00924
3.70804
-0.04732 0.00002 -0.01393
4.4176
0.00383 -0.00947 -0.00137
4.66761
0.01000 0.00925 0.02803
4.12656
0.03762 0.00082 -0.01055
4.36864
-0.00806 -0.00133 0.01725
4.26594
0.02588 -0.00054 -0.01870
4.1129
-0.03936 -0.01401 -0.00215
4.36024
0.04480 0.00470 -0.00285
4.12017
-0.08250 -0.01262 -0.00872
3.77833
0.02765 0.00541 0.00702
3.9097
-0.03017 0.00090 -0.02936
4.19883
-0.05437 -0.02621 0.02039
3.71724
-0.00106 -0.00224 -0.00516
4.61393
-0.00081 0.00548 0.01708
3.66301
-0.04079 0.00209 0.01163
4.02822
0.00191 0.02091 -0.03456
3.61721
0.04523 0.00321 -0.01119
4.32163
0.02031 -0.00959 -0.01897
4.22895
0.09113 0.01631 -0.00792
4.62992
0.01183 -0.00333 0.01110
3.49062
0.06898 -0.01450 -0.01178
4.34148
-0.01278 -0.00354 -0.00822
3.97664
-0.01227 0.00315 -0.00949
4.4931
0.00796 0.00142 -0.00724
4.04194
-0.04557 -0.00591 -0.00599
3.99664
0.07558 -0.00874 -0.01313
3.64008
0.00647 0.00001 -0.01454
4.07897
0.00332 0.00831 0.01795
4.67749
0.04959 -0.00548 -0.00685
3.80469
0.02478 0.00354 0.00577
4.35775
0.01817 -0.00488 -0.00905
4.17139
-0.00332 0.00197 -0.00762
3.59541
-0.01415 -0.00180 -0.00531
3.46848
-0.02326 -0.00066 0.01357
3.79433
-0.04398 -0.00078 0.00017
3.96395
0.02746 -0.00586 -0.01207
3.62915
-0.00423 0.01017 -0.00536
4.37347
0.03983 0.00919 -0.00662
3.76701
0.00218 -0.00412 -0.01130
3.87945
-0.02824 -0.01156 0.00994
3.855
-0.00734 0.00298 -0.00780
4.16644
-0.01537 0.00151 0.01526
4.47064
-0.01431 0.00153 -0.00910
4.81936
-0.00974 -0.01953 0.02648
4.42807
-0.03526 0.00018 -0.00451
4.24972
-0.02125 0.01003 0.01550
3.78622
0.06484 0.00953 0.00479
4.20194
-0.00298 -0.00174 0.00711
4.18285
0.01382 0.00063 0.01586
3.51445
-0.00196 -0.00668 0.01143
4.18364
-0.03603 -0.02601 0.01085
4.10727
0.00465 -0.00487 -0.00723
4.16561
0.04232 -0.00711 0.01327
3.72433
-0.00006 -0.01625 0.04030
4.1335
0.04286 0.00686 0.01115
3.70986
-0.04021 0.01898 -0.03986
3.83543
0.00051 -0.00220 -0.00977
4.06165
0.00150 -0.00091 -0.01260
3.95744
0.02536 -0.00332 -0.01378
3.73113
0.02967 0.00073 -0.00369
3.68013
-0.00392 -0.00309 0.02036
4.5965
-0.00942 -0.01358 -0.00975
4.38885
0.00722 0.00405 -0.00070
3.89626
-0.03927 -0.00492 0.00549
4.01048
0.04385 0.00014 0.00807
4.06759
0.01675 0.00998 -0.02321
4.83465
0.05968 0.00255 0.01852
4.16606
-0.01805 -0.00210 0.00525
4.03923
0.01299 -0.00249 0.00560
3.8529
-0.00881 -0.00140 -0.02948
4.29835
-0.13400 0.01162 0.03142
4.62186
-0.02534 -0.00958 -0.00330
3.74734
-0.02867 -0.04501 -0.01721
4.27258
-0.00260 0.00409 -0.01112
4.00356
0.03832 -0.01086 0.00472
4.32611
0.02262 0.00008 -0.00410
3.71202
0.01041 -0.01848 0.04146
4.17299
0.05892 -0.00295 0.00805
4.19272
-0.01909 0.00449 0.00974
4.3271
0.02991 0.00043 0.01271
4.39501
-0.01972 0.00056 -0.02496
4.59919
0.02466 -0.01389 0.01362
3.78014
-0.03402 -0.01005 -0.01014
4.36623
0.00106 0.00154 -0.00509
4.10148
0.01958 0.01866 -0.02589
4.05087
0.00857 0.00338 0.00169
4.46324
-0.02028 -0.00159 -0.00682
4.63381
0.02863 0.00837 -0.00183
3.53767
0.00961 0.01242 -0.01413
4.10211
-0.02400 0.00110 -0.01248
4.09053
-0.06464 0.00487 -0.00567
4.36634
0.06444 -0.00389 0.00136
4.20199
-0.04262 0.01213 0.00533
4.40488
0.01680 0.03091 -0.01751
3.98885
0.01055 -0.00086 -0.00443
3.6258
0.02235 -0.00467 0.00845
3.84392
0.00796 -0.00602 0.00135
4.50288
-0.07389 -0.02455 -0.01498
4.28637
0.02931 0.00077 -0.01441
4.3298
0.01005 0.00517 -0.00407
3.66831
-0.01022 -0.02952 -0.00781
3.75194
0.02913 0.00540 -0.00252
4.18141
0.05552 -0.00990 0.00172
4.20387
-0.07751 -0.01369 0.02056
3.84392
-0.02033 0.00279 0.00080
4.45427
0.01980 -0.00572 -0.02069
3.80608
0.03192 -0.00126 -0.00004
4.41945
-0.00976 0.00093 -0.00351
3.81902
0.02532 -0.00124 -0.01300
3.70998
0.00333 -0.00499 0.01862
3.6884
0.03110 -0.00098 -0.01119
4.08448
-0.00042 0.00145 0.00078
3.83307
0.01034 -0.00488 0.00798
3.81209
0.04950 0.00833 -0.00788
4.50683
0.00553 -0.00230 0.02422
3.82349
0.00667 0.00504 -0.01401
4.09651
-0.03575 -0.00454 -0.02546
4.08638
-0.00201 0.00684 -0.00272
3.96594
-0.00507 -0.00115 0.01275
3.6579
-0.04315 -0.00116 0.00224
4.74014
0.01832 -0.00193 0.01551
3.80611
0.01143 -0.01276 -0.00962
3.80063
0.01240 0.00418 -0.02647
4.12244
0.00143 -0.00108 0.01564
4.37814
0.00932 -0.00344 0.01702
3.97619
-0.01316 -0.00127 -0.00918
4.36939
0.04099 0.00324 -0.00042
3.57854
-0.01131 -0.00194 -0.01062
4.74356
0.04158 -0.00233 0.02280
3.84625
0.00732 -0.03401 -0.02098
4.19403
-0.01978 -0.00304 -0.00432
3.58404
-0.00980 -0.00014 -0.00117
3.966
-0.00840 -0.00594 -0.01120
4.35001
0.01921 0.00102 0.00485
4.21212
-0.01016 -0.00836 0.01335
3.76538
0.03197 0.00499 -0.00876
4.1539
-0.02268 0.00498 -0.03314
3.97887
-0.03892 0.00260 -0.00730
4.59921
0.09644 0.00711 0.00731
4.16189
0.06269 0.00265 0.01792
3.8295
0.00762 0.00086 0.01456
4.01325
-0.01864 -0.01175 0.01254
3.84623
-0.05873 0.00303 0.01858
3.93568
-0.02157 0.00172 0.02400
3.80532
-0.02388 -0.00296 0.00426
4.30585
0.01254 0.00997 -0.02210
3.73737
0.01495 0.00113 -0.00004
4.38981
-0.00748 -0.00653 -0.00549
4.00248
-0.01755 0.00165 -0.01836
4.28708
-0.00247 -0.00404 0.01815
4.16054
0.00367 0.00845 -0.00152
4.03171
-0.03536 0.00087 0.02022
3.83679
0.01243 0.01221 0.00883
4.30866
-0.03182 -0.01989 0.01156
4.54258
-0.00180 0.00752 -0.00546
4.16549
-0.03279 -0.02076 -0.01540
4.31491
0.00831 -0.00233 0.01106
4.50831
-0.03091 -0.01055 -0.03302
3.95669
-0.02327 0.00132 -0.00007
4.43541
0.02045 -0.00040 0.01214
4.05274
0.00784 0.01627 -0.01251
4.1583
0.02223 0.01299 -0.00674
4.05215
-0.01350 -0.00044 -0.01597
3.86254
-0.01195 -0.00505 0.01524
4.6604
0.14678 -0.02892 -0.00144
4.42142
0.02591 0.00881 0.01067
4.43714
0.02896 0.01076 0.00319
3.6195
-0.00590 0.00088 -0.01151
4.3022
-0.08213 -0.01679 0.00602
4.47048
-0.00720 -0.02040 0.01342
3.90577
0.01193 0.00175 0.00653
4.05136
-0.04123 -0.00568 0.02451
4.13653
0.03664 -0.00015 -0.00187
4.38549
-0.00024 0.00052 -0.02296
3.40115
-0.02402 0.00114 0.00599
3.90796
-0.00691 0.00825 -0.00614
4.18303
-0.01995 0.00308 0.01838
4.30036
-0.02249 -0.02515 -0.00774
4.34144
0.00319 0.00101 -0.01276
3.44019
0.00347 0.00483 -0.01518
4.05367
-0.02164 -0.00536 0.00474
4.63272
-0.02082 0.00510 0.01402
3.87153
-0.00817 -0.00445 0.00046
4.20039
-0.04265 -0.00773 -0.00948
4.38073
-0.01210 -0.00648 -0.00192
4.28823
-0.00717 -0.00054 -0.00070
3.5558
-0.04905 0.01095 0.00169
3.89144
0.03698 0.00786 -0.00760
4.52151
0.01726 0.01122 0.00324
3.32687
-0.02109 0.00043 0.01836
4.69874
-0.09972 -0.00732 -0.02228
4.49477
0.01776 0.01433 0.00415
3.88287
-0.00578 -0.00190 -0.01582
4.05171
-0.00320 -0.00942 -0.00124
4.08831
0.00764 0.00429 -0.02184
4.10801
-0.06804 -0.02496 -0.02881
4.09391
-0.01000 -0.00088 -0.00451
4.29832
0.01094 -0.01414 0.00071
3.81281
0.00082 -0.00447 0.00685
3.88266
0.01860 0.00120 -0.01739
4.04688
-0.01933 -0.00625 0.01639
3.86356
0.00825 0.00549 -0.01017
3.82582
-0.01972 -0.00161 0.02189
3.6476
-0.00976 -0.00062 -0.00026
3.83198
0.06793 0.00958 0.00285
4.18223
0.00221 0.01329 -0.00608
4.67894
0.06024 -0.00591 -0.00181
4.24192
0.05260 -0.00359 0.00582
4.03464
-0.02077 -0.04096 0.00935
4.48088
-0.03550 0.00365 0.00136
3.56366
-0.03399 -0.01397 -0.01673
3.92385
-0.04265 -0.00047 0.02259
4.49083
-0.11255 -0.00511 -0.01594
4.00465
0.05370 0.00311 0.00332
3.77568
0.00086 -0.00263 0.01765
4.94958
-0.01641 -0.02159 0.01651
4.49436
0.01787 -0.00840 -0.00312
4.5934
0.01459 0.00821 0.00613
4.13656
-0.00326 -0.00037 0.00559
3.94567
0.01861 -0.00924 -0.00133
3.65989
-0.01690 -0.01191 -0.01514
4.41936
-0.04144 -0.00200 -0.00544
3.95374
-0.04213 -0.00408 -0.00685
4.14043
-0.03504 0.00366 -0.00757
4.20795
0.01445 0.00083 0.01408
4.12077
0.05406 0.00099 -0.01864
3.85971
-0.01723 -0.00108 0.00767
3.94922
0.04471 -0.00318 -0.00358
4.06198
-0.01263 0.00278 0.01956
3.85934
0.00984 0.00232 0.00049
3.6958
0.00311 0.00710 -0.00513
4.27794
-0.02297 -0.00158 -0.01916
4.23246
-0.03978 -0.00342 -0.00860
4.07247
0.05024 0.00779 0.00953
4.06736
0.01782 -0.00937 0.02240
4.15077
-0.05914 -0.00325 -0.02391
3.95378
-0.02870 -0.00169 -0.01084
4.19966
0.06816 0.01144 -0.00267
3.84261
-0.00239 0.00886 0.02141
4.07728
0.03446 0.00660 -0.00877
3.87017
0.00303 -0.00016 0.02342
4.45388
-0.00841 0.00351 0.00436
4.03826
-0.02357 -0.00102 -0.01033
3.81201
-0.04407 -0.00813 0.02763
3.65388
-0.03209 -0.00949 0.00265
3.87333
-0.01045 -0.00898 -0.02514
3.80423
-0.03441 -0.00240 0.00909
4.49704
-0.00688 0.00233 -0.01268
4.11405
-0.01657 -0.00123 -0.00299
4.475
-0.03640 -0.02949 0.04709
3.39466
-0.03108 -0.00129 0.01816
4.37929
0.03434 0.00186 0.01903
4.21395
0.00782 0.00201 0.00289
3.8559
0.02338 -0.01674 -0.02695
3.40707
0.01268 -0.00066 0.02461
4.02148
0.00267 0.00171 0.00283
4.5206
-0.00570 0.01870 -0.00980
3.86777
-0.00558 -0.00444 -0.01688
4.31908
0.00450 -0.00011 0.02259
4.49704
-0.01656 0.00974 0.00681
3.83084
0.00141 0.00006 0.02693
3.97028
0.03529 0.00195 -0.01599
4.42181
0.06634 0.03136 -0.04679
4.21461
0.03248 -0.00731 0.01203
4.54904
-0.02262 0.01292 0.01823
3.68791
0.02093 0.00336 0.00082
4.27937
0.01058 0.01108 -0.00494
4.33709
-0.00635 -0.00360 -0.00472
3.4327
-0.03283 0.00427 -0.02054
3.87193
-0.01838 0.00004 0.00438
4.10905
0.00200 -0.01112 -0.00987
3.58973
0.03291 0.01199 -0.02448
4.54647
-0.03419 -0.00588 -0.00636
3.78125
0.00276 -0.00440 0.00676
3.64892
0.00007 -0.00084 -0.03568
3.43147
-0.02193 -0.00241 -0.02915
3.86697
-0.01405 -0.00389 -0.00150
3.94386
-0.01400 -0.03146 -0.03081
4.07599
-0.01242 -0.00140 0.01225
3.90272
-0.01151 -0.01576 -0.03253
4.59885
0.04094 0.00305 0.00934
4.41185
0.03054 0.00167 -0.00300
3.95786
0.01099 -0.00661 0.01591
4.29127
-0.00852 -0.00445 0.00054
4.13397
0.03942 0.00257 0.01150
4.04495
-0.01377 0.01060 -0.01779
3.9465
0.00117 -0.00175 -0.00112
4.14614
0.00877 0.01387 -0.01741
4.4195
0.02983 0.03724 0.03067
3.84815
0.00620 0.00110 -0.01386
4.25063
-0.01519 -0.00205 -0.00581
4.38399
-0.02567 -0.00419 0.00170
3.94013
-0.02748 -0.00138 0.01270
4.00762
0.02467 -0.01204 0.01878
3.76778
-0.00801 0.00072 0.00753
4.29002
0.02823 0.00974 -0.00801
4.04494
-0.00079 -0.00059 0.00157
4.01283
-0.00541 -0.00106 -0.01120
4.36676
-0.00450 0.01204 -0.01653
3.731
-0.00507 0.00188 0.01296
3.2938
-0.00678 -0.00092 0.00340
3.6529
-0.00024 -0.00382 0.00401
4.14654
0.01038 -0.01030 -0.01922
3.75162
0.01769 0.00411 0.00359
4.40916
0.03680 0.04744 -0.02287
4.45371
-0.03425 -0.00286 -0.00323
4.42874
0.04242 0.00283 0.01472
3.69714
-0.01849 -0.00267 -0.01448
4.50329
-0.02894 -0.00274 0.01343
4.32872
-0.05707 -0.00011 0.00550
4.3075
0.00558 -0.00860 0.02046
3.74051
0.00917 0.00166 -0.01368
4.5556
-0.03393 0.00317 0.00598
4.12298
0.03432 -0.00015 -0.00334
4.03515
-0.00300 0.00674 0.01051
4.2639
-0.01618 0.00315 0.00345
3.98489
0.02211 0.01623 0.00958
3.9492
-0.00720 -0.00156 0.02337
3.91568
0.04328 -0.00394 0.01481
4.09217
-0.01609 0.00426 0.02056
3.86331
0.00651 0.00207 0.02469
4.36634
0.01216 -0.01725 -0.02413
4.06477
0.01237 -0.01477 -0.00673
4.36408
-0.08195 -0.01355 0.01274
3.78688
-0.04603 -0.01042 0.00167
4.1547
-0.03938 0.00442 0.00849
4.92217
0.02407 0.00235 -0.01578
4.44976
0.06895 0.00323 0.00531
4.2142
-0.01186 0.00621 -0.00040
4.04044
0.03306 0.04326 0.04382
3.72905
0.01688 0.00470 -0.01118
3.89272
0.00139 0.00263 0.01284
4.13558
0.06476 -0.00693 -0.02317
4.33672
0.01653 -0.00141 0.00601
3.95641
-0.02854 -0.00374 -0.01535
3.90445
-0.00153 0.00244 -0.00535
4.14632
0.01894 -0.00820 -0.00281
3.45659
-0.00502 -0.01201 -0.01361
4.35647
0.02480 -0.00070 0.00057
3.57186
-0.00442 0.00048 -0.01823
3.63459
-0.03094 0.00141 -0.02174
4.34917
-0.00747 0.00555 0.00259
3.7321
0.00412 0.00912 0.00600
4.44053
-0.01392 -0.00265 0.01658
3.7887
-0.00828 -0.00337 0.01889
4.00677
-0.01461 0.00164 -0.00790
5.02762
0.03828 0.00238 -0.00551
4.2763
-0.06023 0.00551 -0.00929
4.49894
0.00775 -0.00780 -0.01762
3.98873
0.02796 0.00446 0.00200
4.36634
0.01216 -0.01725 -0.02413
4.43319
-0.00694 -0.00871 -0.01067
4.52824
-0.03946 -0.00445 0.01280
3.88214
-0.03373 -0.02549 0.00457
3.93739
0.00089 -0.00849 -0.02883
3.97029
0.03733 0.00379 0.01188
3.85203
-0.00021 -0.01063 0.00293
3.9954
0.00117 0.00012 0.01955
4.22051
-0.04925 0.00133 0.01998
3.67635
-0.02116 -0.00196 -0.00042
4.03769
0.04500 0.00937 0.01612
3.75569
0.01990 0.00401 -0.01175
3.55036
0.04540 0.00102 0.00969
4.29263
-0.03158 -0.00237 0.01163
3.48109
-0.01128 -0.00238 -0.00846
3.54871
0.00556 0.00528 0.00769
4.02709
-0.03876 -0.01598 0.00451
4.03164
0.00362 -0.00393 -0.00852
3.63314
-0.00554 0.00086 0.00663
4.32917
0.01396 0.00291 -0.00569
3.88516
-0.02052 -0.00282 0.00875
4.46523
0.02420 0.05000 -0.04634
4.01076
-0.00841 0.00469 -0.00394
4.15505
0.04759 0.00476 0.02264
4.45394
-0.02418 -0.00477 -0.00840
3.86982
-0.02569 -0.01470 0.01943
3.51644
0.00627 0.00310 0.00145
4.09053
-0.05778 -0.02485 0.00572
4.40646
-0.08549 -0.00531 -0.00859
4.35183
0.00367 0.00066 0.01768
3.91569
0.03507 -0.00407 0.00998
3.91039
-0.05057 -0.00908 0.01548
4.31583
-0.00211 0.01044 0.00582
3.96817
0.02721 0.01509 -0.00344
4.34529
-0.00893 0.01776 0.00853
3.84097
0.02273 0.00693 -0.00632
3.73208
-0.02461 -0.00188 -0.00418
4.21522
0.00369 0.00523 -0.00670
4.33791
0.00877 0.00567 0.00114
4.00445
-0.00341 -0.01052 -0.00859
4.50688
0.02694 0.01550 -0.03951
3.74424
-0.02411 -0.00168 0.01059
3.76342
0.00379 0.00188 -0.01220
3.93335
0.01002 0.01162 0.04028
3.99159
0.02272 -0.00254 -0.00954
4.23941
-0.02822 -0.00107 -0.01560
4.45489
0.08047 0.01379 0.00447
4.62682
0.01287 0.00118 0.01504
4.25437
0.03277 -0.00044 0.02263
3.79523
0.04499 -0.00564 0.02610
3.93859
-0.00876 0.00274 0.01794
4.0004
0.02593 -0.01092 0.02113
3.68079
0.00036 -0.00307 0.01258
3.86363
0.01906 -0.00163 0.00949
4.16446
-0.01693 0.00060 -0.00852
3.98408
-0.02507 0.00091 -0.00567
4.35636
0.01427 0.00888 0.01497
3.75863
-0.02211 -0.00385 -0.02099
3.66386
-0.01841 0.00081 -0.00812
4.39778
-0.01865 0.01684 0.01378
4.05986
-0.02938 -0.01004 -0.00691
3.91412
0.03558 0.00494 -0.02584
3.79915
0.04205 -0.00521 -0.01894
3.91097
0.06628 -0.01346 -0.01156
4.48468
0.07124 0.00938 -0.00276
3.37866
-0.02738 -0.00295 -0.00760
4.18725
-0.00130 -0.01250 0.00105
3.7821
-0.00263 -0.00133 -0.01612
4.29085
-0.05696 0.00311 -0.00007
4.61285
-0.01095 0.00718 -0.01001
4.05667
-0.01196 -0.00539 -0.01679
3.78001
-0.01878 -0.00286 -0.01779
3.92218
-0.03884 0.00323 0.00404
4.06046
-0.00373 -0.00160 0.00289
4.3765
0.00439 0.00936 0.00051
3.95095
0.03207 0.00592 -0.00651
3.9755
0.00041 -0.00339 0.01220
4.64242
-0.00938 -0.00406 0.00768
4.00358
-0.06091 -0.01350 0.00559
4.00705
-0.01435 0.00923 -0.00260
4.03578
0.00792 0.00444 -0.02299
3.86361
0.01616 -0.01965 -0.01178
4.6514
-0.01880 0.00253 -0.00911
3.6605
0.00761 -0.00620 -0.03308
4.52751
0.03704 0.00543 0.00787
3.68887
-0.01000 0.00153 -0.00895
4.07922
0.05340 -0.00027 0.00649
3.45681
-0.02938 -0.02038 -0.00763
4.13625
0.04861 -0.00473 -0.00812
4.42368
-0.00136 -0.00047 0.01373
4.10268
-0.02002 -0.00802 0.00468
4.68286
0.04955 0.00764 0.01542
4.63912
0.04011 0.00379 -0.01384
3.61506
0.02124 -0.00134 0.02301
4.60725
-0.01790 -0.00087 0.00392
4.3226
0.02367 0.00791 -0.03060
4.52936
0.02161 0.01156 -0.03206
3.71199
-0.04576 -0.01004 -0.00779
3.93316
0.06038 0.01224 0.00800
3.92573
-0.02565 -0.00619 -0.01567
4.12553
0.00995 -0.01647 -0.03700
3.77256
-0.04587 -0.00548 0.02436
3.507
0.02383 0.00480 0.01825
4.35292
0.05922 0.00185 -0.00853
3.52621
-0.01363 -0.00082 -0.00429
3.99085
-0.00445 -0.00383 -0.00390
4.28208
0.06590 0.00661 0.01465
4.17327
0.05444 0.00383 0.00483
3.7776
-0.06112 -0.01132 0.00145
3.63899
-0.00137 0.01209 0.01843
4.31546
-0.02322 -0.00940 -0.01494
3.6077
0.00315 0.00514 0.02628
3.84567
-0.04015 -0.00064 0.01070
3.74394
-0.01843 0.00158 -0.00092
3.89574
0.02945 0.00357 -0.00359
3.30341
0.09201 -0.00955 0.04600
4.29563
0.01708 0.01650 0.02175
3.96666
-0.02232 0.00548 0.02099
3.99654
-0.03575 -0.00116 0.00233
3.63613
0.03572 0.02952 0.03250
4.10118
0.02677 -0.00742 0.00148
4.04817
-0.01887 -0.00039 -0.01126
4.65099
0.01524 -0.00925 0.01066
3.92852
-0.00969 -0.00564 -0.01846
3.4206
-0.03465 -0.00511 0.01479
4.31016
-0.08220 -0.00307 -0.01376
4.04482
0.00315 -0.00431 -0.00482
3.90892
0.04005 0.00251 -0.01441
4.03595
-0.00659 0.00131 0.02145
4.0434
0.00745 -0.00298 0.00310
4.06788
-0.00925 0.01306 0.03001
4.24962
0.01514 -0.00907 -0.00510
3.82262
-0.02510 -0.00181 0.00775
4.17241
-0.04101 -0.00264 0.01903
4.28604
-0.01059 0.00078 0.00095
3.90307
0.03296 0.00117 0.00041
4.30312
-0.00884 -0.00184 0.00529
4.25405
-0.00868 -0.00478 0.00555
4.15188
-0.04894 0.00087 -0.00116
3.86585
-0.03857 -0.00389 0.00594
4.13297
-0.02622 0.00437 -0.01223
3.73162
0.02349 0.00310 -0.01874
3.23738
-0.00150 0.00005 0.01002
3.99044
0.02564 0.00027 0.01297
4.42213
0.02801 0.00105 -0.00230
4.44112
0.07216 0.00756 0.00910
4.14312
0.00522 0.00301 0.01193
3.91417
0.05554 -0.00025 -0.00033
3.95723
0.02359 0.00575 0.00862
3.84805
-0.04135 -0.00377 0.00518
3.92815
-0.03106 -0.00110 -0.00620
4.50272
-0.03389 -0.00126 -0.00276
3.67072
-0.04327 0.00259 0.02262
4.60873
0.03196 0.00335 -0.00863
3.79968
-0.00121 -0.00129 -0.00028
4.21664
0.00565 0.02615 0.00522
4.08944
-0.01921 -0.00378 -0.00956
3.94824
-0.00149 -0.00214 0.00458
3.38323
0.00667 -0.00585 -0.02223
4.32232
0.06073 0.00868 -0.01504
4.35178
0.03086 -0.00114 -0.00464
4.0821
-0.02663 0.00235 0.02188
3.79088
0.04330 0.01432 0.02199
4.26234
0.02527 -0.00405 0.01608
4.06664
-0.04951 -0.00145 0.00997
4.25117
-0.03704 -0.00038 0.01548
3.72555
0.01692 0.00460 0.00119
3.36324
0.01345 -0.00074 0.01346
4.54402
0.00061 -0.01883 0.02893
3.80608
0.03192 -0.00126 -0.00004
4.23773
-0.04381 0.01172 -0.00992
4.09342
0.03777 0.01249 -0.00623
4.80115
-0.01071 0.01322 0.00029
4.52131
0.03258 0.02109 -0.02115
4.26314
0.01083 -0.00602 -0.01255
3.52089
0.01508 -0.00138 0.00994
4.06979
-0.01964 -0.00173 -0.00760
4.2992
-0.00165 -0.01696 -0.03011
3.86901
0.03426 -0.00638 -0.00638
4.39169
0.08512 0.00819 -0.00549
4.2974
0.00878 0.01952 -0.00651
3.83809
-0.00644 -0.02105 0.02785
4.28131
-0.01161 -0.01941 0.00949
4.62866
-0.03063 0.00056 0.00672
3.85601
0.02832 -0.00960 0.00160
4.50959
0.00077 -0.00766 -0.00703
3.9938
0.00814 -0.00247 0.00960
4.69523
-0.02138 0.00794 -0.03884
3.67957
-0.02893 -0.00145 -0.01405
3.96991
-0.00376 0.00078 0.01278
3.90918
-0.02230 -0.00128 0.01206
4.21094
0.02387 0.00721 0.01741
4.12396
0.01132 0.01681 0.00782
4.51076
-0.02179 -0.00923 0.00178
4.16896
-0.06087 0.01895 0.02768
4.69731
0.03925 -0.01314 -0.00085
4.22879
-0.01773 0.00253 -0.00404
4.11658
0.02189 -0.00314 0.00754
3.31366
0.03170 0.00352 0.00378
3.76119
-0.02552 -0.00297 0.00404
4.02518
-0.03589 0.00265 0.00685
4.26605
-0.00801 0.00379 -0.03082
4.04411
0.00348 -0.00066 0.00194
4.18725
0.01455 0.00084 0.00687
3.95845
-0.01338 0.00149 0.01115
4.87906
0.00739 0.00005 0.00775
4.20912
0.02578 0.00407 0.01005
4.47261
-0.00949 -0.00254 -0.01266
4.42922
0.00715 -0.00483 -0.00625
4.06448
-0.01660 0.00104 -0.02956
4.027
0.01494 -0.00110 -0.01397
4.21725
-0.00376 0.00736 -0.00614
3.57008
0.01201 0.01026 -0.01240
4.32642
0.02328 0.00225 0.01451
4.03846
-0.04301 -0.00564 0.02156
3.69969
-0.01889 0.00316 -0.00378
4.33872
0.06457 0.00085 -0.03437
4.41765
0.00995 -0.01429 -0.01096
3.8627
-0.01323 -0.00644 -0.00432
3.61506
0.02124 -0.00134 0.02301
4.52699
0.03993 0.00023 0.00557
4.28966
0.00221 0.00058 0.00600
4.44648
-0.00209 -0.00793 0.00513
3.71021
-0.01139 -0.00053 -0.01208
4.28305
-0.03542 -0.01121 -0.05481
3.67051
0.03472 0.00448 0.04749
4.46935
0.02502 -0.00058 -0.00890
3.92715
-0.07773 -0.00434 -0.00244
3.73521
0.03010 0.00456 0.01041
4.14612
-0.04072 -0.00689 -0.01125
4.11378
-0.01333 0.00204 0.01023
3.74451
-0.00877 -0.00004 0.01074
3.87945
-0.01900 -0.00148 0.00081
3.96045
0.02846 0.00493 0.00230
3.71974
0.00141 -0.00153 0.02353
4.39833
-0.02960 -0.00087 -0.00747
3.90107
0.03557 0.01496 0.02959
4.44928
-0.03460 0.00181 0.00145
3.17431
-0.01166 0.00065 0.00366
4.06028
0.02359 0.00060 -0.01480
3.86185
-0.03722 -0.00985 0.01958
4.49178
-0.00050 -0.00047 -0.00532
4.26425
-0.02097 -0.00270 0.00428
3.71967
0.03425 0.00145 0.00580
4.20628
-0.02934 0.00049 0.01946
4.75311
0.04689 0.00979 -0.01085
4.20985
0.00901 -0.00984 -0.01013
4.23763
-0.00409 0.00168 -0.00867
4.32921
-0.00813 -0.00505 0.02051
3.912
0.01212 -0.00843 0.00742
3.66014
-0.01089 0.00287 -0.00588
4.31784
-0.01171 0.00728 -0.00913
3.97029
0.03733 0.00379 0.01188
4.85596
-0.02943 -0.01834 -0.02392
4.20096
-0.04661 -0.00259 -0.00988
3.70123
0.05473 0.00568 -0.02478
3.83653
-0.01134 0.00654 0.00456
4.02199
-0.01891 0.00213 -0.01298
4.24671
0.01520 0.00158 0.01467
4.40772
0.05262 0.00060 -0.01030
4.33777
0.02246 0.00054 -0.00500
4.06664
-0.04951 -0.00145 0.00997
3.93526
-0.00573 0.01852 -0.01513
4.42451
-0.00860 -0.00385 0.01948
3.91853
-0.00706 -0.00352 0.02150
4.58991
-0.05110 0.01656 -0.02241
4.36604
0.05553 0.00369 -0.00377
4.07838
-0.01450 -0.00377 0.00553
4.08366
-0.02638 0.00369 0.01842
4.06255
-0.01773 -0.00076 0.01851
4.22054
0.00985 -0.00340 -0.00259
4.40761
-0.00401 0.00472 -0.01335
4.10161
0.02710 0.00461 0.00228
4.3795
-0.02284 -0.01400 0.01974
4.24094
-0.03737 -0.01698 -0.01541
4.02803
-0.02049 0.00581 0.02548
4.01908
-0.04414 -0.00070 0.02786
4.6748
-0.01753 -0.00987 -0.00672
3.71886
-0.01680 -0.00025 0.00183
4.1671
-0.03541 -0.00042 -0.01514
4.49477
0.01776 0.01433 0.00415
3.55321
0.02536 0.00131 0.02093
4.17272
0.00832 -0.01087 0.00897
4.43608
0.02610 0.00965 -0.02159
4.26068
-0.02202 -0.00872 0.01435
4.53044
-0.02082 -0.00261 0.01049
4.40218
-0.03123 -0.00411 -0.03071
4.15774
0.04362 0.00278 0.01072
3.84779
0.00390 0.00048 -0.02355
3.77378
0.02544 0.00497 -0.00841
4.44347
-0.00152 -0.00077 0.00998
3.93606
0.03150 0.00689 -0.02362
4.09342
0.03777 0.01249 -0.00623
4.81233
-0.05267 -0.00697 -0.00161
4.53546
0.02968 0.01407 -0.02281
3.81367
-0.00714 0.00582 -0.00307
4.20961
0.00597 0.00577 0.02138
3.96099
-0.02393 -0.00438 -0.00247
3.87638
-0.00030 0.00096 0.00096
4.06416
-0.00024 -0.00125 -0.00885
3.66638
0.02449 -0.00467 0.00974
4.5577
0.03105 -0.00547 0.00273
4.35224
0.01989 0.00789 -0.00022
4.6313
0.01938 0.01537 -0.00722
3.9964
0.03023 0.00390 -0.02752
4.44193
0.00076 -0.00727 -0.01425
3.73508
0.03793 -0.00102 -0.01016
4.18554
0.00031 -0.00210 0.02260
3.4362
0.00122 0.00693 0.01454
4.06311
0.01024 0.00441 0.00062
4.12988
-0.03347 -0.00006 -0.00432
4.5733
0.07982 -0.00652 -0.00843
4.2883
-0.02039 -0.01629 0.01360
4.2514
-0.02092 0.00088 0.01185
4.06487
-0.01856 0.00070 0.00380
3.86157
-0.00855 0.00042 -0.00171
3.94299
-0.01133 -0.00109 0.00831
3.74842
-0.00708 -0.04025 -0.01055
4.38839
0.00901 -0.00691 -0.00147
4.37062
0.02928 0.00279 -0.01531
4.61765
-0.00679 0.01188 -0.01533
3.81742
0.00091 -0.00257 -0.00889
4.0084
-0.01535 -0.00937 0.00339
4.10134
0.07517 -0.00633 0.01141
4.17485
0.00051 -0.00349 -0.00756
4.06656
0.02321 0.00109 -0.01625
3.7533
0.01391 0.00805 0.00140
4.0848
0.00562 0.00424 -0.01190
3.97929
0.02233 -0.01259 -0.00389
3.59143
-0.00688 0.00040 0.00333
4.41024
-0.04828 0.00525 -0.01631
4.29638
-0.00955 0.00407 0.02050
4.29802
0.00520 0.00254 0.00071
3.97435
-0.02877 -0.00584 -0.03112
4.28656
0.01736 -0.00178 -0.00701
4.44944
-0.01752 0.02046 0.01438
4.52211
0.01514 -0.01357 -0.00101
3.83181
-0.03287 -0.00409 -0.01974
4.36623
0.00106 0.00154 -0.00509
4.45895
0.01871 0.00447 -0.00086
4.01917
0.00105 -0.00981 0.00593
3.73746
0.02770 0.00097 0.01423
4.03308
0.02930 0.00230 0.01979
4.20852
0.02693 0.01437 -0.00162
3.37119
-0.02186 0.00368 0.01365
3.96377
0.00376 -0.00569 0.00023
4.57318
-0.03944 -0.00507 -0.02239
4.48516
0.01564 0.00998 -0.01267
3.74853
-0.00456 0.00053 0.00417
4.69289
0.00074 -0.01022 0.00792
4.09419
0.03720 0.00935 -0.00810
3.92573
-0.02565 -0.00619 -0.01567
3.99866
-0.02303 -0.00364 -0.01061
4.16275
0.03895 -0.00765 -0.02605
3.84499
0.00090 0.00315 0.01814
4.20469
0.00294 0.01999 0.04134
4.41707
0.00171 0.01239 -0.00900
4.21864
-0.00725 0.00126 0.02513
4.26645
0.03907 0.00204 0.00465
4.55347
-0.03658 -0.02580 0.00223
4.3574
-0.06156 -0.01202 -0.00507
4.06628
0.01860 0.00295 0.00679
3.40464
-0.00204 0.00332 -0.02211
3.72994
0.00737 -0.00132 0.01378
4.71341
0.00652 0.01048 -0.00449
3.65516
-0.00070 0.00024 -0.00336
4.04495
-0.02605 0.01838 0.02086
3.94365
-0.00318 0.00802 0.00836
4.23255
0.04203 0.00692 -0.00685
3.79968
-0.00121 -0.00129 -0.00028
4.3873
0.02168 0.01000 -0.01505
4.14237
-0.07179 0.01106 0.00749
3.67989
0.00587 -0.00340 0.01258
3.8362
0.01525 0.00584 0.00584
4.20961
0.00597 0.00577 0.02138
3.65836
-0.01623 -0.00039 -0.01441
3.92167
0.04881 0.00814 -0.01365
4.27111
0.01164 -0.00314 0.01130
4.31574
0.01622 0.00239 -0.03008
4.16522
0.03433 -0.00740 0.01252
3.8968
0.01405 -0.00323 0.01643
3.96439
-0.00467 -0.00839 0.00928
4.46669
-0.01520 -0.02357 -0.00457
4.23577
0.06014 -0.01176 0.01914
4.51839
-0.00083 0.00129 0.00649
4.34955
0.03470 0.01842 0.00616
4.2305
0.00571 0.01392 -0.01505
3.88652
0.01668 0.01587 -0.02507
4.05115
-0.10404 0.00854 -0.00287
4.05992
-0.01809 0.00286 -0.01286
4.9896
-0.03046 0.00327 -0.01793
3.8776
0.02185 0.00116 0.01406
4.29572
0.01509 -0.00569 0.01068
4.2269
-0.05393 -0.00410 -0.01106
3.55973
0.02726 0.00650 -0.01626
4.19322
0.00008 -0.01114 0.01832
4.35659
0.03771 -0.00115 -0.00835
4.40563
-0.05789 -0.00371 -0.00602
4.49234
-0.04153 0.00365 0.01997
4.33724
-0.00470 -0.00726 0.00345
3.98412
0.03190 0.00009 0.00990
4.30934
-0.02505 0.00799 -0.02071
4.04769
0.02463 -0.01174 -0.01497
4.23739
-0.00123 -0.00018 0.01468
3.71384
-0.00375 -0.00260 -0.00280
3.85524
-0.00389 0.00157 0.00843
3.28778
-0.00741 -0.00565 0.01220
4.26803
0.00465 0.00429 -0.01226
4.99429
0.00919 0.00763 -0.00843
3.79164
0.00260 -0.00573 0.01014
3.72277
-0.05296 -0.00813 -0.00188
4.0471
-0.03208 -0.00268 0.00213
3.95064
-0.00097 0.01945 0.01723
4.61904
0.03072 0.00134 -0.02349
3.91303
0.00651 -0.00275 0.00398
4.35956
0.03748 0.01886 0.00479
3.75551
-0.02247 -0.00012 -0.03092
4.48432
-0.01678 -0.00844 -0.01829
3.80439
-0.02845 -0.00229 -0.02170
4.45341
-0.00212 0.00656 -0.02968
3.49201
0.01818 0.02366 -0.03591
4.06575
0.05012 -0.00220 0.01117
3.86759
0.04210 -0.00519 -0.01126
4.17411
0.00435 0.00504 -0.01437
4.56828
0.01507 -0.02232 -0.03418
4.081
-0.00378 0.00106 0.00985
4.47955
0.01337 0.00347 -0.00070
3.49862
0.02387 0.00311 -0.01846
3.99498
-0.01411 0.01380 0.00955
3.84471
0.01289 0.00030 -0.01463
4.43352
0.04677 -0.00914 0.00628
4.13136
0.04692 -0.01183 0.00460
4.35652
-0.02306 0.00138 0.00936
3.9393
-0.01102 -0.00226 -0.01290
3.99654
0.00459 0.00145 -0.00552
4.26471
0.00316 -0.00463 0.00039
3.72155
-0.02045 -0.00326 0.02112
3.74478
-0.02068 0.00935 -0.01515
3.79723
0.00996 0.00014 0.00984
3.76612
0.01082 -0.01110 0.00804
3.74631
0.08415 0.00394 -0.00917
3.88456
-0.02778 -0.00166 0.01769
4.09837
0.02793 0.01386 -0.00681
3.63959
0.02208 0.00261 -0.01657
3.38188
0.00577 -0.00548 -0.00862
4.63267
-0.06610 -0.00626 0.00646
3.72589
-0.04855 -0.00299 0.01763
3.49629
-0.01737 0.00190 -0.00924
3.96876
-0.02329 -0.00050 -0.00002
4.04877
-0.05569 -0.00083 0.01551
4.2374
-0.02614 -0.00393 -0.01150
4.24941
-0.00088 0.00206 0.01149
4.47025
-0.00380 -0.01558 -0.01040
3.43105
-0.06383 -0.02535 -0.00985
3.99528
0.01221 0.00043 0.02466
4.21907
0.02042 0.00454 -0.00496
4.05557
0.01625 0.00196 0.01104
3.80213
0.00763 0.00463 0.01300
4.05167
-0.02626 -0.00265 0.00101
4.8711
-0.05211 -0.00708 -0.00318
4.38512
-0.08515 0.00032 0.00110
3.55721
-0.01774 0.00251 0.01937
4.07356
-0.03307 0.00177 0.00499
3.94261
0.00418 0.00715 0.02781
4.25198
-0.00460 -0.02670 0.01577
4.14632
0.00780 -0.00592 0.00573
4.5577
0.03105 -0.00547 0.00273
4.37508
-0.01556 0.00249 -0.03103
4.20412
0.00012 -0.00591 -0.00823
3.61556
0.04827 -0.00245 -0.01692
4.32958
-0.01367 -0.00030 0.01731
4.29257
-0.00043 0.01031 -0.00690
3.94185
-0.03436 0.00339 -0.01075
4.01048
0.04385 0.00014 0.00807
4.07318
0.04313 -0.00228 -0.01123
3.98608
0.01612 -0.00776 -0.00377
4.00471
-0.02600 0.00055 -0.02083
4.95664
0.02715 -0.00084 -0.00407
3.80473
-0.01001 0.00153 0.01253
3.90445
-0.00153 0.00244 -0.00535
4.0268
-0.08055 -0.00763 0.00266
4.47652
0.05156 0.00008 0.01669
3.9285
0.01811 0.00455 0.01135
3.84706
0.01536 -0.00146 -0.02301
3.81785
0.02537 0.00439 0.01533
3.76002
0.02896 0.00073 0.01923
3.80101
0.01811 -0.00722 0.01378
3.98635
-0.01256 -0.00792 -0.02719
3.51623
-0.03426 0.00624 0.02454
4.40569
0.03101 0.00022 -0.00946
3.92339
0.03559 0.00119 0.02258
3.48268
0.00117 -0.02423 0.01830
4.60792
-0.02423 -0.00110 0.00498
4.21286
0.00573 0.00005 0.00027
3.97587
-0.02054 0.00170 -0.00405
4.50582
-0.00105 0.00113 -0.01354
4.44167
-0.03070 -0.01440 0.02274
3.77983
-0.01205 0.00270 0.01270
3.73997
0.00335 -0.00172 -0.00858
4.31288
0.00406 0.03608 0.01646
3.98352
0.00315 -0.00872 0.00200
4.04799
0.02442 0.00439 -0.00490
3.61989
-0.01592 -0.00099 -0.01524
4.27839
0.01289 0.00480 0.01347
4.33297
-0.01494 -0.01067 -0.01142
4.12797
-0.00216 -0.00895 0.00643
4.02436
-0.00134 -0.01146 0.00462
4.18132
-0.03270 0.00447 0.00085
4.46669
-0.01520 -0.02357 -0.00457
4.47229
-0.03904 0.00274 0.00047
3.85781
-0.00176 0.00533 -0.01351
4.43316
0.01833 0.02584 0.01539
3.97553
-0.11221 0.00840 -0.00476
4.22975
-0.02892 -0.01244 0.00542
4.64928
0.02336 -0.00013 -0.02582
4.31947
-0.02200 -0.01152 0.01987
4.22603
0.00232 -0.00129 -0.00461
3.78731
0.02398 0.02257 -0.00066
4.34222
0.02474 0.00180 0.00066
4.24655
-0.00952 -0.00462 0.02323
4.25168
-0.04454 -0.01319 0.01252
4.21907
0.02042 0.00454 -0.00496
4.02949
-0.01900 0.00488 0.02023
4.27572
0.00177 0.00479 -0.02963
3.60584
0.02843 0.00260 -0.00911
4.15018
-0.03583 -0.00384 -0.00808
3.62163
-0.01879 -0.00202 0.00645
4.46309
0.02489 0.00134 0.00752
4.60415
0.01750 -0.00664 0.00322
4.06223
-0.01584 -0.00640 -0.02220
3.38807
0.00131 -0.00425 -0.02676
4.13883
-0.04824 -0.00122 -0.01415
4.34821
-0.09246 -0.00420 0.01923
4.13965
0.03935 0.00665 0.00713
4.22734
0.03506 0.00065 0.01756
3.80422
0.00433 -0.00255 -0.01124
4.33993
0.06309 0.00726 -0.00043
4.0527
0.00257 -0.01113 0.01484
4.3132
0.06798 0.00482 0.02273
4.58634
0.00030 -0.01832 0.01447
3.90448
0.00390 -0.01316 0.02442
4.52098
0.03177 -0.00140 0.00964
3.91832
0.00909 -0.00072 0.00821
4.72568
0.00991 0.00000 0.00104
4.86732
0.05760 0.00498 0.00296
3.81987
-0.00995 -0.00665 -0.00015
4.18225
0.00296 0.00394 0.00796
4.45787
0.00005 -0.00160 0.00510
3.83075
0.03875 0.00730 0.02561
4.02104
0.03737 0.00577 -0.01553
3.9843
0.02637 0.00101 -0.00743
4.52588
0.01100 0.00530 0.00798
4.59973
-0.02095 0.00805 0.01291
3.74569
0.00684 -0.00600 -0.01185
4.13382
0.03522 -0.00547 -0.00799
4.07068
0.01628 0.00353 -0.00288
3.62232
-0.01795 -0.00490 -0.01430
4.37342
0.02753 0.00383 -0.01740
3.9873
-0.06028 -0.00342 -0.00007
4.25872
0.03108 0.00974 0.01842
4.32963
0.02399 0.00179 0.00039
4.03392
0.01640 0.00549 -0.00994
4.50194
-0.04837 -0.01569 0.00219
3.86819
-0.02441 -0.00752 -0.00757
4.35703
0.01623 0.00117 -0.00964
4.21017
-0.01508 0.00187 -0.00295
3.95966
0.02420 0.00049 0.01285
4.18691
-0.00728 0.00188 0.03598
3.76912
0.03491 -0.00098 -0.01499
4.47113
0.01872 -0.01193 0.00213
4.16753
-0.00194 0.00825 0.01372
3.51268
-0.01557 -0.00165 0.00295
4.26446
0.00558 0.00236 0.00801
4.48051
-0.00365 0.01652 -0.00150
4.52167
0.02958 0.00493 0.00669
4.1423
-0.01927 -0.00037 0.02744
4.21066
-0.02893 0.00287 -0.01519
4.22033
0.00215 0.00783 0.00144
3.60953
-0.00955 -0.00435 -0.01276
4.36371
-0.02632 -0.00472 0.00926
4.1336
-0.00580 -0.01427 0.00843
3.65693
-0.00242 0.04992 0.02311
4.44721
0.03940 -0.00482 -0.02158
3.98127
-0.01926 -0.00350 -0.00233
3.96323
0.02469 0.00114 0.02671
4.06887
0.01185 0.00179 -0.00627
3.93588
-0.03339 -0.01366 0.00807
4.30648
0.01885 0.00485 -0.00226
3.67605
-0.03171 -0.00436 -0.01305
4.46055
0.05319 -0.00248 -0.00396
3.64579
-0.02286 -0.00961 0.01084
3.97021
-0.00377 -0.00251 -0.00910
3.90076
-0.07629 -0.00606 0.00854
3.85463
-0.03157 -0.00507 0.00533
3.74539
-0.02752 -0.01037 0.01924
3.94979
-0.01424 0.00074 -0.01397
3.5195
0.00581 0.00095 -0.01961
3.93174
-0.05860 -0.00925 0.02282
3.70209
-0.02375 0.00515 -0.01225
4.56112
0.05247 -0.00514 0.01358
3.94515
-0.01475 -0.00226 0.01586
4.08176
-0.01126 -0.00245 0.00798
4.28839
-0.08465 -0.04503 0.07968
3.98475
-0.02259 0.00467 0.00581
4.80986
0.01959 0.02290 -0.03587
3.87637
0.01036 -0.00294 -0.01463
4.8104
-0.02787 -0.01520 -0.01260
3.82572
-0.05630 -0.00121 -0.02030
4.58719
-0.00224 -0.00879 0.01422
4.06237
0.03404 -0.00627 -0.01592
3.70461
0.04638 0.00368 0.00196
4.09295
-0.00513 0.00008 0.02334
4.40192
0.02474 0.01844 0.00368
4.23342
0.04511 -0.00591 -0.02620
4.18192
-0.01957 -0.00996 -0.00004
3.58635
0.02346 0.01038 0.00025
3.80731
-0.01333 -0.01342 0.00075
3.8488
0.00519 -0.00102 -0.00070
4.71315
0.00646 0.00019 -0.02108
4.14839
0.01475 0.00750 0.04243
3.47247
0.01041 0.00576 0.01993
4.40532
0.01877 0.00078 0.00216
4.36794
-0.00753 0.01781 0.01490
3.80064
0.01389 0.00057 0.00395
4.02116
-0.04549 -0.00661 0.01420
3.572
-0.02372 0.00263 0.01650
3.98957
-0.04839 -0.00062 -0.00035
3.99997
-0.01407 0.00978 0.02717
4.02527
0.01781 0.00497 -0.01385
3.82526
0.00823 0.00022 -0.01964
4.13469
-0.00694 0.00670 -0.00609
4.27484
0.02700 0.00607 -0.01098
3.94157
-0.06659 -0.00600 -0.01729
3.41263
-0.02217 0.00976 -0.02312
4.43817
0.02684 -0.00697 -0.01941
4.06845
0.02381 -0.00598 0.00635
3.50803
-0.04961 -0.00695 -0.01630
3.98863
-0.03628 -0.01014 0.00646
4.19029
-0.00361 -0.00539 -0.00798
3.57394
-0.00014 -0.00015 -0.02332
4.75182
-0.03087 -0.00206 -0.00741
3.7478
0.03011 -0.00344 -0.01668
4.47519
-0.01876 -0.01388 -0.01623
3.79542
0.05645 -0.00331 0.00603
4.19885
-0.00412 -0.00922 0.01442
4.43933
0.03576 -0.01663 0.00121
4.2892
-0.02251 -0.00848 -0.00029
3.83483
0.02518 0.02977 -0.01407
3.61294
-0.03475 -0.00978 -0.01477
4.87271
0.07044 0.00286 0.01358
3.78128
-0.02258 0.00304 0.01179
3.60814
0.01307 0.00611 0.00725
4.25261
0.02640 0.00440 0.00629
3.97425
-0.00978 0.00781 -0.00528
4.17186
-0.03350 -0.00207 0.02076
4.69874
-0.09972 -0.00732 -0.02228
4.25844
0.03787 0.00649 -0.01293
4.08485
-0.02144 -0.00358 0.01198
4.14295
0.04077 0.01917 0.01493
3.66133
0.02726 -0.01074 0.00708
4.42768
-0.01244 0.00993 0.00003
3.98786
-0.00814 0.00056 -0.01173
3.42078
0.01292 -0.00564 -0.00026
4.2659
-0.05864 0.00257 -0.01103
4.21326
0.00119 0.02371 0.00189
4.34929
-0.01857 0.00211 -0.00974
4.04612
-0.03213 0.00073 -0.01408
4.16555
-0.03070 -0.01314 0.01298
3.6258
0.02235 -0.00467 0.00845
4.23236
0.01629 0.01114 0.03151
3.56495
-0.01713 -0.00088 0.02010
4.21415
0.03290 -0.00118 0.00305
3.80629
0.01014 0.00071 -0.02596
4.03735
-0.02027 -0.00332 0.00893
3.67782
-0.01885 0.01156 -0.00080
4.28604
-0.01059 0.00078 0.00095
4.35688
0.05463 -0.00423 -0.00183
3.64286
-0.02314 0.00015 -0.01025
3.9204
-0.10069 0.01596 0.00584
4.63198
0.02689 0.00280 -0.00320
4.03514
0.00739 0.01452 -0.01559
4.19929
-0.04337 -0.01757 0.01953
4.56694
0.01540 0.00184 0.02444
4.13022
0.03547 0.00575 0.01669
3.54562
0.00895 0.00146 -0.01890
3.99514
-0.03895 -0.00203 0.02611
4.26986
-0.02036 0.00042 -0.00621
4.50308
-0.01172 -0.00418 -0.00611
3.89096
-0.01467 -0.00527 -0.00180
4.27961
0.01332 0.01074 0.02524
4.30906
0.01262 0.00850 0.00622
3.66524
0.01946 0.01041 0.00322
4.34706
0.01171 0.02124 0.02387
4.31691
-0.03627 0.00069 -0.01280
4.02296
-0.01822 -0.00080 0.00916
3.6328
-0.03535 0.00336 0.00568
4.30214
-0.01236 0.00231 0.02102
3.92671
0.00787 -0.00053 -0.00770
4.68316
-0.03466 0.00540 -0.00370
3.73319
0.00265 0.00064 -0.00445
4.10553
0.04817 0.00601 -0.00565
4.16369
0.00040 -0.00013 -0.00532
3.73108
0.00891 0.00158 -0.00818
3.40613
-0.01283 0.00447 -0.01183
4.47071
0.14197 0.01034 0.02405
3.8458
0.01077 -0.00943 -0.01179
4.40643
0.01389 -0.00273 -0.01299
3.91398
0.00749 -0.00055 0.01810
3.63589
0.01104 0.00138 0.01277
4.12888
0.02303 0.00142 -0.00226
3.9761
-0.06945 0.00291 -0.01975
4.31093
-0.00869 0.00434 0.00420
3.64422
-0.01016 0.00531 0.00609
4.16362
0.01144 0.00253 -0.01538
3.91961
0.06670 0.00590 0.01857
3.93863
0.04110 0.01565 0.01174
3.87153
-0.00817 -0.00445 0.00046
4.17867
-0.01030 0.00037 -0.00303
3.90689
0.03250 0.00232 -0.00190
3.24309
-0.04871 -0.00612 -0.00765
4.41362
0.04525 0.00387 -0.01052
4.35749
-0.02113 -0.00009 -0.00782
3.66531
0.00091 0.02693 0.02125
4.50877
0.03991 0.00137 -0.01682
3.81497
0.01912 0.00601 -0.01808
3.9286
-0.00384 0.00575 -0.01153
4.42527
0.00463 -0.00417 0.00988
4.45272
-0.01164 -0.00498 -0.00165
3.63902
-0.04426 -0.01030 0.00505
4.23638
0.00170 -0.00147 0.02577
3.88591
0.01561 -0.00895 0.00832
3.98244
0.01042 0.00031 0.00980
3.73629
0.04149 0.01050 -0.01143
4.07079
-0.00085 -0.03901 -0.02325
3.34946
0.01835 -0.00122 0.01592
4.27503
0.02313 0.02391 0.02271
3.89086
0.02146 0.00184 0.00289
4.22524
0.01334 0.00018 0.01529
3.55796
-0.00754 0.00031 -0.00902
4.41074
0.01973 -0.00534 -0.01567
4.24376
-0.02660 -0.00507 -0.00370
4.20074
-0.00201 0.00957 0.01564
3.74637
-0.02968 -0.00463 -0.01481
4.52082
-0.02570 -0.00725 0.00018
4.16434
-0.00321 0.01319 -0.00157
4.57425
-0.06400 -0.00872 -0.00231
4.14734
0.05464 -0.00424 0.01354
3.64436
-0.01345 0.00445 -0.02390
4.45705
-0.00955 0.00655 -0.00768
3.41095
0.00018 0.00209 -0.00842
4.84229
-0.03339 -0.00464 0.00781
3.89884
0.04078 -0.02385 -0.02412
4.17391
-0.03476 -0.00008 0.00008
4.45119
-0.10987 0.00577 -0.01464
4.30808
-0.01350 -0.00176 0.01437
4.06633
-0.03234 0.00110 -0.01425
4.32544
0.01682 -0.01163 -0.00209
4.30018
0.07178 -0.01565 -0.01110
4.19952
-0.05979 -0.00597 -0.00376
4.07606
-0.05325 0.00261 -0.01477
4.50548
-0.00138 0.01668 -0.01353
3.95561
0.00478 -0.00225 0.00542
4.19156
-0.04929 -0.00362 -0.01458
4.13893
0.01954 -0.02024 -0.00652
4.0532
-0.02112 -0.00867 0.00085
3.68874
-0.03013 -0.00279 0.00370
3.72365
-0.06615 -0.00013 -0.01712
3.99135
0.02819 0.01322 -0.01041
4.35628
-0.02487 0.00718 0.00148
4.54036
0.00729 0.00149 -0.01343
3.91005
-0.00757 -0.01666 0.02586
3.81623
0.00930 0.02741 0.00888
4.25002
0.01814 -0.01332 0.01847
4.11068
0.00810 -0.00323 0.00751
4.64894
0.06518 0.00261 -0.02120
4.24599
0.03012 0.00111 0.01312
3.2415
-0.00841 0.00737 -0.02140
3.50074
0.03139 0.00771 -0.00901
4.30525
-0.01528 0.00116 -0.00015
4.29515
-0.06052 -0.01229 0.00023
4.68151
0.04370 0.00444 -0.00871
4.41045
0.01965 0.00548 -0.00778
4.30975
-0.03045 0.00904 0.01606
4.15851
0.06287 -0.00038 -0.01044
4.20514
0.00954 0.00349 -0.01462
4.08685
0.00820 0.02368 -0.01101
4.5325
-0.02870 0.00344 -0.00860
4.3296
0.01908 -0.00486 -0.01231
4.672
0.02736 0.00631 -0.00515
4.23608
-0.00981 -0.00033 -0.01900
3.70056
-0.00303 -0.01944 -0.02130
4.30042
-0.00928 0.00398 0.00413
3.79714
-0.03753 -0.00215 -0.00998
4.25854
0.01612 0.00883 -0.00775
4.03257
-0.04991 -0.00256 -0.00770
4.13293
-0.07617 0.00171 0.00785
4.02486
-0.00633 -0.00044 -0.01334
4.15683
-0.03056 -0.00609 -0.00189
3.80055
-0.03472 -0.00565 -0.01601
3.8771
-0.02599 0.00294 -0.00999
4.64141
0.05039 0.01363 0.01873
4.00783
0.03101 0.00439 -0.01667
3.98652
0.01045 -0.01041 -0.00465
3.59576
-0.08519 -0.01897 0.00780
4.50893
-0.00007 -0.00169 0.00501
3.38719
0.01453 0.00664 0.01338
4.25065
0.02804 0.00135 0.00168
3.9204
-0.10069 0.01596 0.00584
3.97027
-0.00469 0.00330 0.00440
4.20333
-0.03698 0.00294 -0.00674
4.86229
-0.03473 -0.00282 -0.00901
4.78627
0.04541 -0.00137 -0.00155
4.50285
-0.03932 -0.00765 0.01720
4.25725
0.01889 -0.01257 0.00278
3.7453
0.02376 0.00288 -0.01008
